-1.5608 0.000416666
-1.5508 0.000416666
-1.5408 0.000416666
-1.5308 0.000416666
-1.5208 0.000416666
-1.5108 0.000416666
-1.5008 0.000416666
-1.4908 0.000416666
-1.4808 0.000416666
-1.4708 0.000416666
-1.4608 0.000416666
-1.4508 0.000416666
-1.4408 0.000416666
-1.4308 0.000416666
-1.4208 0.000416666
-1.4108 0.000416666
-1.4008 0.000416666
-1.3908 0.000416666
-1.3808 0.000416666
-1.3708 0.000416666
-1.3608 0.000416666
-1.3508 0.000416666
-1.3408 0.000416666
-1.3308 0.000416666
-1.3208 0.000416666
-1.3108 0.000416666
-1.3008 0.000416666
-1.2908 0.000416666
-1.2808 0.000416666
-1.2708 0.000416666
-1.2608 0.000416666
-1.2508 0.000416666
-1.2408 0.000416666
-1.2308 0.000416666
-1.2208 0.000416666
-1.2108 0.000416666
-1.2008 0.000416666
-1.1908 0.000416666
-1.1808 0.000416666
-1.1708 0.000416666
-1.1608 0.000416666
-1.1508 0.000416666
-1.1408 0.000416666
-1.1308 0.000416666
-1.1208 0.000416666
-1.1108 0.000416666
-1.1008 0.000416666
-1.0908 0.000416666
-1.0808 0.000416666
-1.0708 0.000416666
-1.0608 0.000416666
-1.0508 0.000416666
-1.0408 0.000416666
-1.0308 0.000416666
-1.0208 0.000416666
-1.0108 0.000416666
-1.0008 0.000416666
-0.990796 0.000416666
-0.980796 0.000416666
-0.970796 0.000416666
-0.960796 0.000416666
-0.950796 0.000416666
-0.940796 0.000416666
-0.930796 0.000416666
-0.920796 0.000416666
-0.910796 0.000416666
-0.900796 0.000416666
-0.890796 0.000416666
-0.880796 0.000416666
-0.870796 0.000416666
-0.860796 0.000416666
-0.850796 0.000416666
-0.840796 0.000416666
-0.830796 0.000416666
-0.820796 0.000416666
-0.810796 0.000416666
-0.800796 0.000416666
-0.790796 0.000416666
-0.780796 0.000416666
-0.770796 0.000416666
-0.760796 0.000416666
-0.750796 0.000416666
-0.740796 0.000416666
-0.730796 0.000416666
-0.720796 0.000416666
-0.710796 0.000416666
-0.700796 0.000416666
-0.690796 0.000416666
-0.680796 0.000416666
-0.670796 0.000416666
-0.660796 0.000416666
-0.650796 0.000416666
-0.640796 0.000416666
-0.630796 0.000416666
-0.620796 0.000416666
-0.610796 0.000416666
-0.600796 0.000416666
-0.590796 0.000416666
-0.580796 0.000416666
-0.570796 0.000416666
-0.560796 0.000416666
-0.550796 0.000416666
-0.540796 0.000416666
-0.530796 0.000416666
-0.520796 0.000416666
-0.510796 0.000416666
-0.500796 0.000416666
-0.490796 0.000416666
-0.480796 0.000416666
-0.470796 0.000416666
-0.460796 0.000416666
-0.450796 0.000416666
-0.440796 0.000416666
-0.430796 0.000416666
-0.420796 0.000416666
-0.410796 0.000416666
-0.400796 0.000416666
-0.390796 0.000416666
-0.380796 0.000416666
-0.370796 0.000416666
-0.360796 0.000416666
-0.350796 0.000416666
-0.340796 0.000416666
-0.330796 0.000416666
-0.320796 0.000416666
-0.310796 0.000416666
-0.300796 0.000416666
-0.290796 0.000416666
-0.280796 0.000416666
-0.270796 0.000416666
-0.260796 0.000416666
-0.250796 0.000416666
-0.240796 0.000416666
-0.230796 0.000416666
-0.220796 0.000416666
-0.210796 0.000416666
-0.200796 0.000416666
-0.190796 0.000416666
-0.180796 0.000416666
-0.170796 0.000416666
-0.160796 0.000416666
-0.150796 0.000416666
-0.140796 0.000416666
-0.130796 0.000416666
-0.120796 0.000416666
-0.110796 0.000416666
-0.100796 0.000416666
-0.0907963 0.000416666
-0.0807963 0.000416666
-0.0707963 0.000416666
-0.0607963 0.000416666
-0.0507963 0.000416666
-0.0407963 0.000416666
-0.0307963 0.000416666
-0.0207963 0.000416666
-0.0107963 0.000416666
-0.000796327 0.000416666
0.00920367 0.000416666
0.0192037 0.000416666
0.0292037 0.000416666
0.0392037 0.000416666
0.0492037 0.000416666
0.0592037 0.000416666
0.0692037 0.000416666
0.0792037 0.000416666
0.0892037 0.000416666
0.0992037 0.000416666
0.109204 0.000416666
0.119204 0.000416666
0.129204 0.000416666
0.139204 0.000416666
0.149204 0.000416666
0.159204 0.000416666
0.169204 0.000416666
0.179204 0.000416666
0.189204 0.000416666
0.199204 0.000416666
0.209204 0.000416666
0.219204 0.000416666
0.229204 0.000416666
0.239204 0.000416666
0.249204 0.000416666
0.259204 0.000416666
0.269204 0.000416666
0.279204 0.000416666
0.289204 0.000416666
0.299204 0.000416666
0.309204 0.000416666
0.319204 0.000416666
0.329204 0.000416666
0.339204 0.000416666
0.349204 0.000416666
0.359204 0.000416666
0.369204 0.000416666
0.379204 0.000416666
0.389204 0.000416666
0.399204 0.000416666
0.409204 0.000416666
0.419204 0.000416666
0.429204 0.000416666
0.439204 0.000416666
0.449204 0.000416666
0.459204 0.000416666
0.469204 0.000416666
0.479204 0.000416666
0.489204 0.000416666
0.499204 0.000416666
0.509204 0.000416666
0.519204 0.000416666
0.529204 0.000416666
0.539204 0.000416666
0.549204 0.000416666
0.559204 0.000416666
0.569204 0.000416666
0.579204 0.000416666
0.589204 0.000416666
0.599204 0.000416666
0.609204 0.000416666
0.619204 0.000416666
0.629204 0.000416666
0.639204 0.000416666
0.649204 0.000416666
0.659204 0.000416666
0.669204 0.000416666
0.679204 0.000416666
0.689204 0.000416666
0.699204 0.000416666
0.709204 0.000416666
0.719204 0.000416666
0.729204 0.000416666
0.739204 0.000416666
0.749204 0.000416666
0.759204 0.000416666
0.769204 0.000416666
0.779204 0.000416666
0.789204 0.000416666
0.799204 0.000416666
0.809204 0.000416666
0.819204 0.000416666
0.829204 0.000416666
0.839204 0.000416666
0.849204 0.000416666
0.859204 0.000416666
0.869204 0.000416666
0.879204 0.000416666
0.889204 0.000416666
0.899204 0.000416666
0.909204 0.000416666
0.919204 0.000416666
0.929204 0.000416666
0.939204 0.000416666
0.949204 0.000416666
0.959204 0.000416666
0.969204 0.000416666
0.979204 0.000416666
0.989204 0.000416666
0.999204 0.000416666
1.0092 0.000416666
1.0192 0.000416666
1.0292 0.000416666
1.0392 0.000416666
1.0492 0.000416666
1.0592 0.000416666
1.0692 0.000416666
1.0792 0.000416666
1.0892 0.000416666
1.0992 0.000416666
1.1092 0.000416666
1.1192 0.000416666
1.1292 0.000416666
1.1392 0.000416666
1.1492 0.000416666
1.1592 0.000416666
1.1692 0.000416666
1.1792 0.000416666
1.1892 0.000416666
1.1992 0.000416666
1.2092 0.000416666
1.2192 0.000416666
1.2292 0.000416666
1.2392 0.000416666
1.2492 0.000416666
1.2592 0.000416666
1.2692 0.000416666
1.2792 0.000416666
1.2892 0.000416666
1.2992 0.000416666
1.3092 0.000416666
1.3192 0.000416666
1.3292 0.000416666
1.3392 0.000416666
1.3492 0.000416666
1.3592 0.000416666
1.3692 0.000416666
1.3792 0.000416666
1.3892 0.000416666
1.3992 0.000416666
1.4092 0.000416666
1.4192 0.000416666
1.4292 0.000416666
1.4392 0.000416666
1.4492 0.000416666
1.4592 0.000416666
1.4692 0.000416666
1.4792 0.000416666
1.4892 0.000416666
1.4992 0.000416666
1.5092 0.000416666
1.5192 0.000416666
1.5292 0.000416666
1.5392 0.000416666
1.5492 0.000416666
1.5592 0.000416666
1.5692 0.000416666
