-1.5608 49.9963
-1.5508 24.9948
-1.5408 16.6599
-1.5308 12.4916
-1.5208 9.98992
-1.5108 8.32159
-1.5008 7.12946
-1.4908 6.23494
-1.4808 5.53883
-1.4708 4.98161
-1.4608 4.5254
-1.4508 4.14495
-1.4408 3.82276
-1.4308 3.54637
-1.4208 3.3066
-1.4108 3.0966
-1.4008 2.9111
-1.3908 2.74602
-1.3808 2.59815
-1.3708 2.46489
-1.3608 2.34416
-1.3508 2.23426
-1.3408 2.13376
-1.3308 2.0415
-1.3208 1.95648
-1.3108 1.87786
-1.3008 1.80495
-1.2908 1.73712
-1.2808 1.67385
-1.2708 1.61468
-1.2608 1.55922
-1.2508 1.50712
-1.2408 1.45807
-1.2308 1.4118
-1.2208 1.36808
-1.2108 1.32669
-1.2008 1.28744
-1.1908 1.25016
-1.1808 1.21471
-1.1708 1.18093
-1.1608 1.14872
-1.1508 1.11796
-1.1408 1.08855
-1.1308 1.06039
-1.1208 1.0334
-1.1108 1.00751
-1.1008 0.982643
-1.0908 0.958736
-1.0808 0.935729
-1.0708 0.91357
-1.0608 0.892207
-1.0508 0.871594
-1.0408 0.851689
-1.0308 0.832453
-1.0208 0.813847
-1.0108 0.795839
-1.0008 0.778396
-0.990796 0.761489
-0.980796 0.745091
-0.970796 0.729175
-0.960796 0.713718
-0.950796 0.698697
-0.940796 0.684091
-0.930796 0.66988
-0.920796 0.656046
-0.910796 0.642571
-0.900796 0.629439
-0.890796 0.616634
-0.880796 0.604142
-0.870796 0.591949
-0.860796 0.580043
-0.850796 0.56841
-0.840796 0.557039
-0.830796 0.54592
-0.820796 0.535042
-0.810796 0.524395
-0.800796 0.513969
-0.790796 0.503757
-0.780796 0.493748
-0.770796 0.483937
-0.760796 0.474314
-0.750796 0.464872
-0.740796 0.455605
-0.730796 0.446506
-0.720796 0.437569
-0.710796 0.428787
-0.700796 0.420155
-0.690796 0.411668
-0.680796 0.40332
-0.670796 0.395106
-0.660796 0.387021
-0.650796 0.379061
-0.640796 0.371221
-0.630796 0.363498
-0.620796 0.355886
-0.610796 0.348383
-0.600796 0.340984
-0.590796 0.333685
-0.580796 0.326484
-0.570796 0.319377
-0.560796 0.31236
-0.550796 0.305431
-0.540796 0.298587
-0.530796 0.291825
-0.520796 0.285141
-0.510796 0.278533
-0.500796 0.272
-0.490796 0.265537
-0.480796 0.259143
-0.470796 0.252815
-0.460796 0.246552
-0.450796 0.24035
-0.440796 0.234208
-0.430796 0.228124
-0.420796 0.222095
-0.410796 0.216121
-0.400796 0.210198
-0.390796 0.204325
-0.380796 0.1985
-0.370796 0.192722
-0.360796 0.186988
-0.350796 0.181297
-0.340796 0.175648
-0.330796 0.170039
-0.320796 0.164469
-0.310796 0.158935
-0.300796 0.153437
-0.290796 0.147972
-0.280796 0.14254
-0.270796 0.13714
-0.260796 0.131769
-0.250796 0.126427
-0.240796 0.121113
-0.230796 0.115824
-0.220796 0.11056
-0.210796 0.10532
-0.200796 0.100102
-0.190796 0.0949054
-0.180796 0.0897288
-0.170796 0.084571
-0.160796 0.079431
-0.150796 0.0743076
-0.140796 0.0691998
-0.130796 0.0641065
-0.120796 0.0590265
-0.110796 0.0539588
-0.100796 0.0489025
-0.0907963 0.0438563
-0.0807963 0.0388193
-0.0707963 0.0337905
-0.0607963 0.0287688
-0.0507963 0.0237532
-0.0407963 0.0187427
-0.0307963 0.0137362
-0.0207963 0.00873292
-0.0107963 0.00373167
-0.000796327 0.0012685
0.00920367 0.00626859
0.0192037 0.0112696
0.0292037 0.0162725
0.0392037 0.0212784
0.0492037 0.0262882
0.0592037 0.0313029
0.0692037 0.0363235
0.0792037 0.0413512
0.0892037 0.0463868
0.0992037 0.0514314
0.109204 0.0564861
0.119204 0.0615519
0.129204 0.0666298
0.139204 0.071721
0.149204 0.0768264
0.159204 0.0819472
0.169204 0.0870845
0.179204 0.0922394
0.189204 0.097413
0.199204 0.102606
0.209204 0.107821
0.219204 0.113057
0.229204 0.118317
0.239204 0.123602
0.249204 0.128913
0.259204 0.13425
0.269204 0.139616
0.279204 0.145012
0.289204 0.150438
0.299204 0.155897
0.309204 0.16139
0.319204 0.166918
0.329204 0.172483
0.339204 0.178086
0.349204 0.183728
0.359204 0.189412
0.369204 0.195139
0.379204 0.20091
0.389204 0.206727
0.399204 0.212592
0.409204 0.218507
0.419204 0.224474
0.429204 0.230494
0.439204 0.236569
0.449204 0.242701
0.459204 0.248893
0.469204 0.255147
0.479204 0.261464
0.489204 0.267847
0.499204 0.274299
0.509204 0.280821
0.519204 0.287417
0.529204 0.294088
0.539204 0.300838
0.549204 0.307669
0.559204 0.314584
0.569204 0.321587
0.579204 0.328679
0.589204 0.335865
0.599204 0.343148
0.609204 0.350531
0.619204 0.358017
0.629204 0.365612
0.639204 0.373317
0.649204 0.381138
0.659204 0.389078
0.669204 0.397143
0.679204 0.405336
0.689204 0.413662
0.699204 0.422127
0.709204 0.430736
0.719204 0.439493
0.729204 0.448405
0.739204 0.457478
0.749204 0.466718
0.759204 0.476131
0.769204 0.485725
0.779204 0.495506
0.789204 0.505483
0.799204 0.515662
0.809204 0.526053
0.819204 0.536664
0.829204 0.547505
0.839204 0.558585
0.849204 0.569915
0.859204 0.581505
0.869204 0.593367
0.879204 0.605514
0.889204 0.617957
0.899204 0.630711
0.909204 0.64379
0.919204 0.657209
0.929204 0.670985
0.939204 0.685135
0.949204 0.699677
0.959204 0.71463
0.969204 0.730017
0.979204 0.745858
0.989204 0.762178
0.999204 0.779002
1.0092 0.796357
1.0192 0.814273
1.0292 0.832781
1.0392 0.851915
1.0492 0.871711
1.0592 0.892208
1.0692 0.913448
1.0792 0.935478
1.0892 0.958346
1.0992 0.982106
1.1092 1.00682
1.1192 1.03254
1.1292 1.05935
1.1392 1.08732
1.1492 1.11652
1.1592 1.14706
1.1692 1.17904
1.1792 1.21255
1.1892 1.24773
1.1992 1.28471
1.2092 1.32363
1.2192 1.36467
1.2292 1.40801
1.2392 1.45385
1.2492 1.50244
1.2592 1.55404
1.2692 1.60895
1.2792 1.6675
1.2892 1.73008
1.2992 1.79715
1.3092 1.86922
1.3192 1.94688
1.3292 2.03083
1.3392 2.12187
1.3492 2.22099
1.3592 2.32931
1.3692 2.44821
1.3792 2.57934
1.3892 2.72473
1.3992 2.88687
1.4092 3.06886
1.4192 3.27465
1.4292 3.50926
1.4392 3.77928
1.4492 4.09344
1.4592 4.4636
1.4692 4.9063
1.4792 5.4453
1.4892 6.11601
1.4992 6.97363
1.5092 8.10918
1.5192 9.68429
1.5292 12.016
1.5392 15.8227
1.5492 23.1539
1.5592 43.1301
1.5692 313.94
